3.23	4.984	0.01
3.24	5.021	0.072
3.25	5.034	0.201
3.26	5.046	0.207
3.27	5.059	0.11
3.28	5.094	0.01
3.29	5.122	0.01
3.3	5.149	0.01
3.31	5.176	0.01
3.32	5.204	0.01
3.33	5.234	0.01
3.34	5.266	0.15
3.35	5.279	0.229
3.36	5.292	0.22
3.37	5.305	0.098
3.38	5.343	0.01
3.39	5.372	0.01
3.4	5.4	0.01
3.41	5.428	0.01
3.42	5.457	0.01
3.43	5.493	0.01
3.44	5.514	0.219
3.45	5.527	0.258
3.46	5.54	0.221
3.47	5.56	0.01
3.48	5.597	0.01
3.49	5.626	0.01
3.5	5.655	0.01
3.51	5.685	0.01
3.52	5.718	0.01
3.53	5.75	0.197
3.54	5.763	0.276
3.55	5.776	0.275
3.56	5.79	0.195
3.57	5.823	0.01
3.58	5.856	0.01
3.59	5.886	0.01
3.6	5.917	0.01
3.61	5.95	0.01
3.62	5.987	0.184
3.63	6	0.292
3.64	6.015	0.313
3.65	6.028	0.267
3.66	6.042	0.065
3.67	6.088	0.01
3.68	6.121	0.01
3.69	6.153	0.01
3.7	6.187	0.01
3.71	6.226	0.202
3.72	6.24	0.32
3.73	6.254	0.35
3.74	6.268	0.319
3.75	6.283	0.195
3.76	6.323	0.01
3.77	6.359	0.01
3.78	6.393	0.01
3.79	6.431	0.01
3.8	6.466	0.257
3.81	6.481	0.363
3.82	6.495	0.393
3.83	6.51	0.365
3.84	6.525	0.258
3.85	6.562	0.01
3.86	6.602	0.01
3.87	6.718	0.01
3.88	6.694	0.068
3.89	6.709	0.341
3.9	6.724	0.425
3.91	6.739	0.446
3.92	6.754	0.412
3.93	6.77	0.302
3.94	6.765	0.01
3.95	6.851	0.01
3.96	6.895	0.01
3.97	6.937	0.305
3.98	6.953	0.447
3.99	6.969	0.506
4	6.984	0.511
4.01	7.001	0.462
4.02	7.016	0.332
4.03	7.01	0.01
4.04	7.111	0.01
4.05	7.165	0.289
4.06	7.182	0.484
4.07	7.199	0.572
4.08	7.216	0.604
4.09	7.232	0.588
4.1	7.249	0.515
4.11	7.268	0.339
4.12	7.327	0.01
4.13	7.392	0.343
4.14	7.411	0.565
4.15	7.429	0.672
4.16	7.447	0.722
4.17	7.465	0.726
4.18	7.484	0.684
4.19	7.504	0.572
4.2	7.53	0.248
4.21	7.616	0.499
4.22	7.638	0.717
4.23	7.658	0.831
4.24	7.678	0.892
4.25	7.697	0.912
4.26	7.718	0.893
4.27	7.741	0.823
4.28	7.775	0.664
4.29	7.832	0.775
4.3	7.86	0.961
4.31	7.882	1.072
4.32	7.904	1.141
4.33	7.925	1.177
4.34	7.948	1.186
4.35	7.974	1.169
4.36	8.004	1.144
4.37	8.039	1.186
4.38	8.07	1.292
4.39	8.095	1.385
4.4	8.118	1.455
4.41	8.141	1.505
4.42	8.164	1.537
4.43	8.188	1.558
4.44	8.214	1.574
4.45	8.24	1.6
4.46	8.268	1.645
4.47	8.294	1.701
4.48	8.318	1.755
4.49	8.341	1.802
4.5	8.364	1.838
4.51	8.387	1.866
4.52	8.41	1.886
4.53	8.434	1.902
4.54	8.458	1.919
4.55	8.483	1.941
4.56	8.507	1.967
4.57	8.531	1.995
4.58	8.554	2.02
4.59	8.577	2.04
4.6	8.6	2.054
4.61	8.622	2.061
4.62	8.646	2.064
4.63	8.669	2.064
4.64	8.694	2.064
4.65	8.717	2.067
4.66	8.741	2.072
4.67	8.765	2.077
4.68	8.788	2.08
4.69	8.812	2.079
4.7	8.834	2.072
4.71	8.858	2.059
4.72	8.881	2.041
4.73	8.905	2.021
4.74	8.93	2.002
4.75	8.955	1.986
4.76	8.98	1.975
4.77	9.004	1.964
4.78	9.029	1.95
4.79	9.052	1.929
4.8	9.075	1.901
4.81	9.1	1.866
4.82	9.125	1.825
4.83	9.151	1.784
4.84	9.178	1.751
4.85	9.204	1.73
4.86	9.231	1.713
4.87	9.255	1.693
4.88	9.279	1.664
4.89	9.304	1.621
4.9	9.329	1.565
4.91	9.356	1.496
4.92	9.386	1.431
4.93	9.417	1.398
4.94	9.446	1.394
4.95	9.473	1.39
4.96	9.497	1.37
4.97	9.522	1.329
4.98	9.546	1.262
4.99	9.572	1.164
5	9.606	1.039
5.01	9.647	1.012
5.02	9.679	1.068
5.03	9.705	1.095
5.04	9.729	1.089
5.05	9.751	1.048
5.06	9.775	0.967
5.07	9.8	0.827
5.08	9.84	0.539
5.09	9.897	0.724
5.1	9.924	0.833
5.11	9.947	0.872
5.12	9.968	0.865
5.13	9.989	0.812
5.14	10.011	0.701
5.15	10.035	0.474
5.16	10.122	0.311
5.17	10.148	0.588
5.18	10.17	0.686
5.19	10.191	0.715
5.2	10.212	0.692
5.21	10.231	0.612
5.22	10.252	0.441
5.23	10.304	0.01
5.24	10.377	0.307
5.25	10.398	0.511
5.26	10.417	0.587
5.27	10.436	0.597
5.28	10.455	0.549
5.29	10.474	0.424
5.3	10.507	0.01
5.31	10.572	0.01
5.32	10.627	0.301
5.33	10.646	0.459
5.34	10.665	0.512
5.35	10.682	0.499
5.36	10.701	0.416
5.37	10.719	0.182
5.38	10.696	0.01
5.39	10.831	0.01
5.4	10.875	0.299
5.41	10.893	0.42
5.42	10.911	0.448
5.43	10.929	0.407
5.44	10.946	0.265
5.45	10.994	0.01
5.46	11.039	0.01
5.47	11.123	0.01
5.48	11.123	0.298
5.49	11.141	0.387
5.5	11.157	0.389
5.51	11.175	0.308
5.52	11.206	0.01
5.53	11.254	0.01
5.54	11.295	0.01
5.55	11.345	0.01
5.56	11.371	0.298
5.57	11.387	0.354
5.58	11.405	0.325
5.59	11.421	0.171
5.6	11.471	0.01
5.61	11.511	0.01
5.62	11.55	0.01
5.63	11.601	0.127
5.64	11.617	0.295
5.65	11.635	0.318
5.66	11.651	0.245
5.67	11.688	0.01
5.68	11.729	0.01
5.69	11.767	0.01
5.7	11.806	0.01
5.71	11.849	0.185
5.72	11.865	0.286
5.73	11.883	0.272
5.74	11.899	0.107
5.75	11.949	0.01
5.76	11.986	0.01
5.77	12.023	0.01
5.78	12.063	0.01
5.79	12.098	0.217
5.8	12.114	0.267
5.81	12.131	0.203
5.82	12.168	0.01
5.83	12.207	0.01
5.84	12.243	0.01
5.85	12.279	0.01
5.86	12.325	0.01
5.87	12.347	0.231
5.88	12.363	0.233
5.89	12.379	0.031
5.9	12.429	0.01
5.91	12.465	0.01
5.92	12.5	0.01
5.93	12.537	0.01
5.94	12.578	0.145
5.95	12.596	0.228
5.96	12.612	0.168
5.97	12.651	0.01
5.98	12.688	0.01
5.99	12.723	0.01
6	12.758	0.01
6.01	12.796	0.01
6.02	12.828	0.188
6.03	12.844	0.201
6.04	12.852	0.01
6.05	12.911	0.01
6.06	12.946	0.01
6.07	12.981	0.01
6.08	13.017	0.01
6.09	13.062	0.08
6.1	13.078	0.197
6.11	13.094	0.13
6.12	13.135	0.01
6.13	13.171	0.01
6.14	13.206	0.01
6.15	13.24	0.01
6.16	13.277	0.01
6.17	13.313	0.158
6.18	13.329	0.171
6.19	13.359	0.01
6.2	13.397	0.01
6.21	13.432	0.01
6.22	13.466	0.01
6.23	13.501	0.01
6.24	13.546	0.03
6.25	13.562	0.173
6.26	13.58	0.067
6.27	13.623	0.01
6.28	13.658	0.01
6.29	13.692	0.01
6.3	13.727	0.01
6.31	13.763	0.01
6.32	13.797	0.144
6.33	13.814	0.137
6.34	13.85	0.01
6.35	13.886	0.01
6.36	13.92	0.01
6.37	13.954	0.01
6.38	13.989	0.01
6.39	14.032	0.051
6.4	14.048	0.152
6.41	14.055	0.01
6.42	14.114	0.01
6.43	14.148	0.01
6.44	14.183	0.01
6.45	14.217	0.01
6.46	14.253	0.01
6.47	14.285	0.138
6.48	14.301	0.076
6.49	14.343	0.01
6.5	14.378	0.01
6.51	14.412	0.01
6.52	14.446	0.01
6.53	14.481	0.01
6.54	14.52	0.091
6.55	14.538	0.122
6.56	14.572	0.01
6.57	14.608	0.01
6.58	14.642	0.01
6.59	14.676	0.01
6.6	14.71	0.01
6.61	14.748	0.01
6.62	14.774	0.13
6.63	14.779	0.01
6.64	14.839	0.01
6.65	14.873	0.01
6.66	14.907	0.01
6.67	14.941	0.01
6.68	14.976	0.01
6.69	15.01	0.115
